Breast Cancer Dataset:

- Fisher Score Method:
f1,accuracy,precision,recall,time
0.9259063104075981,0.931516845210371,0.9312100997869784,0.9244605228268838,0.0044629573822021484
0.9449175051734062,0.9490917559385188,0.9503648199107548,0.941328916652369,0.004928970336914062
0.9392061904213886,0.943797546964757,0.9442982368703403,0.9361506246783022,0.004834985733032227
0.9374398104772095,0.9420121099208199,0.9422858891354075,0.93463143200287,0.005644464492797851
0.9300797543641532,0.935010091600683,0.9354138565547878,0.9281033747705874,0.005098390579223633
0.9566565189864338,0.95960254618848,0.9599542854645493,0.955321528655135,0.030950593948364257
0.9637856099226259,0.9666356155876417,0.9701729988018034,0.960109819121447,0.007938909530639648
0.9639876165022075,0.9666200900481291,0.9675704516409713,0.9619636423190304,0.007969856262207031
0.9658278191864895,0.9683900015525537,0.9712810361221695,0.9624354005167959,0.007852649688720703
0.9636281464987426,0.9666045645086166,0.9715920124096045,0.95812569213732,0.007641983032226562

- LS Method:
f1,accuracy,precision,recall,time
0.8903405897533684,0.8998757956839001,0.9029208803523876,0.8848173017432762,0.004533958435058594
0.9259377502027075,0.9314857941313461,0.9315940995170106,0.9235042685050873,0.004702091217041016
0.942738562836124,0.9473063188945815,0.9491170855730469,0.93986509496254,0.0063533782958984375
0.9353397661044998,0.9402887750349326,0.9428714019113803,0.9313920343768034,0.008135843276977538
0.9431356600612218,0.9473373699736065,0.9481328651971929,0.9408213492843365,0.007776880264282226
0.9567001094909182,0.95960254618848,0.9587933290592865,0.9564243341184054,0.0549260139465332
0.9679466576202387,0.9701288619779536,0.9698420498420498,0.9666148051097281,0.008105707168579102
0.9658612569225378,0.968390001552554,0.9697313700781567,0.9633883403781864,0.009436416625976562
0.9656867859771541,0.9683744760130415,0.9723081735205023,0.960487082702936,0.00812845230102539
0.9636281464987426,0.9666045645086166,0.9715920124096045,0.95812569213732,0.008238697052001953

- MCFS Method:
f1,accuracy,precision,recall,time
0.9076804570321357,0.915680794907623,0.9200832857975716,0.9030710750289854,0.004976606369018555
0.9367874072440081,0.9420431609998449,0.9425400465279772,0.9345206900316627,0.00447549819946289
0.9311534592829911,0.9367800031051079,0.9381702051702053,0.9265193876436916,0.0054909706115722655
0.9582892112165252,0.9613258810743673,0.9625228489547897,0.9557183540519605,0.0053482532501220705
0.9578943510852673,0.9613103555348548,0.9658280949625528,0.9528170963767097,0.005958700180053711
0.9562977243840056,0.9595870206489675,0.9612861608508514,0.952475641965488,0.007888507843017579
0.9504952590405977,0.9542928116752056,0.9567058155613374,0.9464160284705649,0.009689950942993164
0.9543682571006713,0.9578171091445427,0.9597348141512901,0.9511225622468661,0.009722614288330078
0.957905821323607,0.9613103555348548,0.9649752782665544,0.952927838347917,0.008541011810302734
0.9636281464987426,0.9666045645086166,0.9715920124096045,0.95812569213732,0.009470653533935548

- ReliefF Method: 
f1,accuracy,precision,recall,time
0.8989412408949053,0.9068933395435492,0.9058927563315098,0.8962340580953422,0.004815435409545899
0.9368171952559354,0.9420121099208199,0.9456538019027029,0.9309042237923666,0.004741954803466797
0.9526808753511297,0.9561248253376805,0.9559821112391444,0.9506312422337644,0.005425786972045899
0.9565199233618504,0.9596180717279925,0.9601987159432948,0.9544206453189421,0.004809141159057617
0.9564391389151027,0.9596180717279925,0.9614068063113548,0.9534481436422151,0.005320882797241211
0.9620250095848322,0.9648812296227295,0.9671594016692133,0.9586655592469546,0.03101935386657715
0.9600212090883516,0.9631113181183046,0.9669193614193613,0.9553479143595422,0.007758617401123047
0.9599722263155541,0.9630957925787922,0.9658422162135162,0.9563008542209328,0.007602548599243164
0.963789109138499,0.9666200900481291,0.9697557734954947,0.960034886320507,0.007794618606567383
0.9636281464987426,0.9666045645086166,0.9715920124096045,0.95812569213732,0.007214832305908203

- MF-M Method:
f1,accuracy,precision,recall,time
0.8807870209610943,0.8911193913988511,0.8906547448300985,0.8769915357779754,0.004708480834960937
0.9140185601449975,0.9209284272628473,0.9225415445809995,0.9103604833133165,0.005024433135986328
0.9287165238133122,0.9332867567147959,0.9300920851893923,0.9305686834183394,0.0046269893646240234
0.9471224063982902,0.9507840397453812,0.9508836363547726,0.9454725120750342,0.005161571502685547
0.9356983053826948,0.9402732494954199,0.940105496323304,0.9342704157763115,0.005525112152099609
0.9449986336018906,0.9490296537804689,0.9507928409966748,0.9412377364964983,0.008003711700439453
0.952440174450287,0.9560782487191428,0.9599496559543976,0.9477886700045233,0.008557558059692383
0.9597133923950357,0.9630957925787922,0.9677664078836816,0.9542809180665387,0.007984495162963868
0.9580282027345038,0.9613103555348548,0.963869364553575,0.953900340024644,0.008270740509033203
0.9636281464987426,0.9666045645086166,0.9715920124096045,0.95812569213732,0.007972478866577148

- UDFS Method:
f1,accuracy,precision,recall,time
0.9264284132056264,0.9314702685918336,0.9304591902074739,0.9254167771486802,0.005032110214233399
0.9466568539713297,0.9508150908244062,0.9536500588501309,0.9418006748501344,0.005103158950805664
0.9465072111381939,0.9507840397453812,0.9546354153196258,0.9405708800607261,0.005513572692871093
0.9504984293413749,0.9542928116752056,0.9570273657115763,0.9453881558082344,0.0059125423431396484
0.9445537739909333,0.9490296537804689,0.9536229390062978,0.9384667826077916,0.005619525909423828
0.958086051285506,0.9613569321533924,0.9648066373713278,0.953002771148857,0.007522869110107422
0.9542227270195841,0.9578171091445427,0.9622761354031377,0.9492329298790156,0.008475255966186524
0.9618397178895066,0.9648657040832169,0.9694357515410147,0.9567921742340347,0.010516071319580078
0.9619030761795321,0.9648501785437043,0.9677453114576403,0.9577093049251582,0.008600282669067382
0.9636281464987426,0.9666045645086166,0.9715920124096045,0.95812569213732,0.008786725997924804

- MF-V Method:
f1,accuracy,precision,recall,time
0.8444658196850086,0.8577084303679554,0.8583612170266581,0.8389747399123422,0.004469585418701172
0.879698637017077,0.8910883403198261,0.8980492596857802,0.8693351972298909,0.005020618438720703
0.9268002861902215,0.933224654556746,0.9402805095698483,0.9190939565038813,0.0050618648529052734
0.9462684453319635,0.9507995652848937,0.9571976446976447,0.9388277988343496,0.005382966995239258
0.9522362131962321,0.9560937742586555,0.9607409853462485,0.9458045430203963,0.006400442123413086
0.9580625547590254,0.9613569321533924,0.9660385084332452,0.9519748984865263,0.007944917678833008
0.9619601238553595,0.9648657040832168,0.9679966028913396,0.9576539339395544,0.007961511611938477
0.9600580458585386,0.9630802670392796,0.9661187305633246,0.9563204160362693,0.007779550552368164
0.9638768343795512,0.9666200900481291,0.9694560439354861,0.9600706954907741,0.007588052749633789
0.9636281464987426,0.9666045645086166,0.9715920124096045,0.95812569213732,0.007937288284301758


Heart Statlog Dataset:

- Fisher Score Method:
f1,accuracy,precision,recall,time
0.47514610801703994,0.5481481481481482,0.47427615969860704,0.5258333333333334,0.002916717529296875
0.7043974670061538,0.7148148148148148,0.7204545648588536,0.7058333333333333,0.003102731704711914
0.7721169710473821,0.7777777777777778,0.7805188286283732,0.7699999999999999,0.0023043155670166016
0.7946940653926359,0.8,0.801524040521743,0.7924999999999999,0.0033025264739990233
0.8077106850683323,0.8111111111111111,0.8108177955614224,0.8066666666666666,0.0028093814849853515
0.7961556845571589,0.8,0.798914288297909,0.7958333333333334,0.003286266326904297
0.8113374047421391,0.8148148148148147,0.8144008390189932,0.8108333333333333,0.0032042980194091795
0.8191164095371668,0.8222222222222222,0.8207954545454544,0.8183333333333334,0.0033046722412109373
0.8116335771330636,0.8148148148148147,0.8138328505416332,0.8108333333333333,0.0027259349822998046
0.8113314830261966,0.8148148148148147,0.8141447189118913,0.8108333333333333,0.003704547882080078

- LS Method:
f1,accuracy,precision,recall,time
0.34725274725274724,0.5333333333333334,0.2666666666666667,0.5,0.0032059192657470704
0.49821492461027345,0.5814814814814815,0.4895377911384009,0.57,0.0034043312072753905
0.5581073934699686,0.625925925925926,0.6046609737012213,0.6066666666666667,0.0031004905700683593
0.7480329524091,0.7518518518518519,0.7533673289036253,0.75,0.0030016422271728514
0.724172294313453,0.7259259259259259,0.725705619412516,0.7275,0.0027549266815185547
0.788416593294227,0.7925925925925926,0.7935007441995314,0.7875,0.0030669212341308595
0.7886975094902506,0.7925925925925925,0.7919540644540645,0.7883333333333333,0.0030288219451904295
0.7992243822267027,0.8037037037037036,0.803090391120022,0.7983333333333333,0.003001499176025391
0.8151881362002543,0.8185185185185185,0.8175355600836267,0.8150000000000001,0.003203678131103516
0.8113314830261966,0.8148148148148147,0.8141447189118913,0.8108333333333333,0.0035217761993408202

- MCFS Method:
f1,accuracy,precision,recall,time
0.450961249217266,0.5592592592592593,0.41141008655714534,0.5541666666666666,0.002660989761352539
0.5925402534652648,0.6370370370370371,0.6457020609670872,0.6216666666666667,0.0029987812042236326
0.5008731243147575,0.5703703703703704,0.5464083611142434,0.5441666666666667,0.002951955795288086
0.7278051115551116,0.7333333333333333,0.7336184403831462,0.7275,0.0029456615447998047
0.7467775031831382,0.7518518518518518,0.7504455860715658,0.7466666666666668,0.003462409973144531
0.7579716411955313,0.7629629629629628,0.7639118234706469,0.7566666666666667,0.0027456283569335938
0.7927883051561777,0.7962962962962962,0.7963886113886114,0.7916666666666667,0.002998208999633789
0.7958363157203252,0.8,0.7993427353936233,0.7958333333333334,0.0030852794647216798
0.8039785333757747,0.8074074074074075,0.8057147379389484,0.8033333333333333,0.0034152507781982423
0.8113314830261966,0.8148148148148147,0.8141447189118913,0.8108333333333333,0.002815103530883789

- ReliefF Method: 
f1,accuracy,precision,recall,time
0.6055382475613876,0.6222222222222222,0.6413725014032812,0.6224999999999999,0.003223609924316406
0.6608180712542818,0.6888888888888889,0.6886460521282807,0.6725,0.0029095172882080077
0.7448936343336559,0.7518518518518518,0.755148075608602,0.7450000000000001,0.003435087203979492
0.7718714943434433,0.7777777777777778,0.779030618538644,0.77,0.0029028892517089845
0.7792658163897878,0.7851851851851853,0.7878071135520827,0.7775000000000001,0.003440999984741211
0.7722460428771789,0.7777777777777779,0.7778814935064935,0.7700000000000001,0.0027520179748535155
0.7951228247679679,0.8,0.800623126873127,0.7941666666666667,0.003623294830322266
0.7996519781413307,0.8037037037037036,0.8036825070552096,0.7991666666666667,0.0031031131744384765
0.8036823929859004,0.8074074074074075,0.8064703853299576,0.8025000000000002,0.003004646301269531
0.8113314830261966,0.8148148148148147,0.8141447189118913,0.8108333333333333,0.0036612987518310548

- MF-M Method:
f1,accuracy,precision,recall,time
0.5101912935102846,0.5333333333333333,0.517244476696224,0.5208333333333333,0.0026058673858642576
0.6165927542063444,0.6222222222222222,0.6265265332201793,0.6233333333333334,0.0030187129974365234
0.7241345728574832,0.7259259259259259,0.7250050875050876,0.7266666666666668,0.0030030250549316407
0.7499839354966469,0.7518518518518519,0.7518793631336734,0.7525,0.003105926513671875
0.7315222504597096,0.7333333333333333,0.7327364764864764,0.7333333333333333,0.0030028820037841797
0.7185752433777294,0.7222222222222221,0.7206300180549674,0.7191666666666666,0.0030080795288085936
0.7491605068847912,0.7518518518518519,0.7499219929176826,0.75,0.0034619808197021485
0.7892341406849168,0.7925925925925925,0.7931941499223488,0.7891666666666667,0.0032915115356445313
0.7884115809587428,0.7925925925925926,0.7921907547414647,0.7883333333333333,0.0029732704162597655
0.8113314830261966,0.8148148148148147,0.8141447189118913,0.8108333333333333,0.0038983821868896484

- UDFS Method:
f1,accuracy,precision,recall,time
0.5137106785370225,0.5333333333333333,0.5191136717426637,0.5225000000000001,0.0026027679443359373
0.6430371568293332,0.6518518518518519,0.6512234327264753,0.6441666666666667,0.0026046276092529298
0.6687691253346933,0.6777777777777777,0.6734597020626432,0.6683333333333332,0.0029030799865722655
0.7833802995313187,0.788888888888889,0.7915809849619159,0.7816666666666666,0.002603435516357422
0.7882067224930732,0.7925925925925926,0.7949318148311957,0.7875,0.0028040409088134766
0.8144516141969185,0.8185185185185185,0.8196159874608151,0.8125,0.00280146598815918
0.7967181280333201,0.8,0.7982834215223766,0.7958333333333334,0.003004789352416992
0.8342699538750058,0.837037037037037,0.8369292991491267,0.8333333333333334,0.0029017448425292967
0.8151651099683106,0.8185185185185185,0.8188897533041993,0.8141666666666666,0.003405141830444336
0.8113314830261966,0.8148148148148147,0.8141447189118913,0.8108333333333333,0.002802133560180664

- MF-V Method:
f1,accuracy,precision,recall,time
0.44076542229152665,0.5407407407407407,0.4240633863608337,0.5291666666666666,0.002900838851928711
0.7031018445935306,0.7148148148148149,0.7239158323722952,0.7066666666666667,0.0030942916870117187
0.7246061111381342,0.7296296296296296,0.7313464380415354,0.7241666666666666,0.0030044078826904296
0.7660470221868211,0.7703703703703704,0.7710733484728746,0.7675,0.003200054168701172
0.7528493743119327,0.7592592592592593,0.7642481556988254,0.7550000000000001,0.003161907196044922
0.8138081048723527,0.8185185185185185,0.8216990142098357,0.8116666666666665,0.0029015541076660156
0.7659038168426078,0.774074074074074,0.7780683516600831,0.7649999999999999,0.00310211181640625
0.7989738033297892,0.8037037037037036,0.8050813611300482,0.7983333333333332,0.0034904956817626955
0.8116425937036545,0.8148148148148147,0.8140625985164907,0.8108333333333334,0.0031032562255859375
0.8113314830261966,0.8148148148148147,0.8141447189118913,0.8108333333333333,0.003199052810668945

Ionosphere Dataset:

- Fisher Score Method:
f1,accuracy,precision,recall,time
0.8718230083654124,0.8888128772635815,0.9038497217068647,0.8572136752136753,0.003418159484863281
0.8463765574618561,0.8661167002012071,0.8813987467310953,0.831162393162393,0.003399372100830078
0.837808286951144,0.86317907444668,0.8896290671184064,0.818119658119658,0.0036459445953369142
0.8370675851103722,0.8632193158953723,0.893329159433488,0.8164957264957264,0.004154729843139649
0.8375284998592187,0.8632193158953723,0.8948805786252482,0.8164957264957264,0.006756830215454102
0.8342045580203268,0.8603219315895372,0.8879680571844248,0.8141196581196581,0.006993865966796875
0.8415336616143133,0.8659959758551308,0.8912738275926401,0.8219658119658119,0.006708621978759766
0.8186473803051877,0.848933601609658,0.8803787214985299,0.7982735042735043,0.0065135955810546875
0.8308317872603587,0.8575452716297786,0.8864699332834153,0.8104273504273504,0.006951284408569336
0.7991880808395597,0.8347686116700201,0.8718034937771779,0.7787350427350427,0.007297325134277344

- LS Method:
f1,accuracy,precision,recall,time
0.7987745119331929,0.8261569416498993,0.8322298863991497,0.7926324786324785,0.0040223121643066405
0.8284459982352006,0.848933601609658,0.8543601386573523,0.8158974358974358,0.0034069061279296876
0.8000488061790385,0.8317102615694164,0.8473924191750278,0.7862564102564104,0.0037476539611816405
0.7804440647952237,0.8204828973843059,0.856613263173608,0.7621367521367521,0.003882741928100586
0.8306752189615176,0.85476861167002,0.8713025813284089,0.8135384615384617,0.006669425964355468
0.8170797848459512,0.848933601609658,0.8850309114138778,0.7964957264957264,0.0067275047302246095
0.8130574811720797,0.8460764587525151,0.8827931714541621,0.7924957264957264,0.0070154666900634766
0.808949440326499,0.8432997987927566,0.881805629068787,0.7888034188034189,0.006126832962036133
0.8202941439589779,0.8518309859154929,0.8888093318544448,0.8006495726495727,0.006360578536987305
0.7991880808395597,0.8347686116700201,0.8718034937771779,0.7787350427350427,0.006606340408325195


- MCFS Method:
f1,accuracy,precision,recall,time
0.8349782660677025,0.8517505030181086,0.8516344026495789,0.8270085470085471,0.003275012969970703
0.8316828632753455,0.8575452716297786,0.8857059607059607,0.8122051282051282,0.0035630226135253905
0.8411054001741636,0.8661569416498993,0.8979854381944165,0.8208034188034189,0.003161907196044922
0.8265790248535968,0.8546478873239437,0.8861943607631734,0.8062735042735042,0.003214454650878906
0.8024930412200668,0.8375452716297787,0.8737550166265337,0.7824273504273505,0.006395196914672852
0.8229782393371243,0.8518309859154929,0.8826598662796747,0.8024273504273506,0.00615839958190918
0.8054090722278244,0.8404024144869215,0.8811649206972412,0.7846495726495727,0.006707382202148437
0.7972253987584367,0.8346881287726358,0.8766460359563808,0.7766495726495727,0.00600275993347168
0.8093764699909369,0.8433400402414486,0.8827674742411584,0.7889572649572649,0.006435871124267578
0.7991880808395597,0.8347686116700201,0.8718034937771779,0.7787350427350427,0.006513404846191406


- ReliefF Method: 
f1,accuracy,precision,recall,time
0.8750341639587316,0.8888128772635815,0.891924748294743,0.8643247863247863,0.003304195404052734
0.8479405250998575,0.8717102615694164,0.9017273330384785,0.8280341880341879,0.0036133289337158202
0.8379088642060865,0.8632193158953723,0.8943837331739661,0.8164957264957264,0.0035019397735595705
0.8361098373410314,0.8631790744466802,0.8968127452561415,0.8145641025641025,0.0043030261993408205
0.8166837188004232,0.8490140845070423,0.8904418238874838,0.795025641025641,0.0061892509460449215
0.819189278066418,0.84897384305835,0.8803756369724738,0.7984273504273505,0.006491994857788086
0.8021510455281728,0.8375855130784708,0.8729675324675326,0.7825811965811965,0.0064599037170410155
0.8181145023389702,0.848933601609658,0.879746632996633,0.7982735042735042,0.006582880020141601
0.7946648338610827,0.8318712273641852,0.8693806096437676,0.7745811965811967,0.006138896942138672
0.7991880808395597,0.8347686116700201,0.8718034937771779,0.7787350427350427,0.007029199600219726


- MF-M Method:
f1,accuracy,precision,recall,time
0.8215466425927763,0.8462776659959758,0.8558466430821069,0.8070256410256409,0.003423118591308594
0.8961846829376616,0.9088531187122737,0.9223454464851517,0.8819658119658118,0.0035029888153076173
0.8736310332210874,0.8916700201207244,0.9163673890608874,0.8542564102564103,0.004504013061523438
0.851376537964909,0.8746076458752515,0.90505167177337,0.8305641025641025,0.004401683807373047
0.8489087904124416,0.8717907444668007,0.8999567052752402,0.8284957264957266,0.00695958137512207
0.8338661657360454,0.8603621730382294,0.8925391737891738,0.8124957264957265,0.006917762756347656
0.8449284343419265,0.8689336016096579,0.8986855578488706,0.8244957264957264,0.006733465194702149
0.8107532107118128,0.84317907444668,0.876164564358238,0.7901196581196581,0.006546545028686524
0.806770275277348,0.8403621730382295,0.8739083139083139,0.7862735042735043,0.007088994979858399
0.7991880808395597,0.8347686116700201,0.8718034937771779,0.7787350427350427,0.0076978206634521484


- UDFS Method:
f1,accuracy,precision,recall,time
0.8353401944084039,0.8548490945674045,0.8621354240777105,0.8242051282051281,0.0036015987396240236
0.8360385214665851,0.8605231388329979,0.8809593770201449,0.8181367521367522,0.003551197052001953
0.7879531902602357,0.8261569416498995,0.8569331366374711,0.7699829059829061,0.00419306755065918
0.8099809818508646,0.8432595573440643,0.8821682098355679,0.7886495726495726,0.003940725326538086
0.8047998940625243,0.8403621730382295,0.8790509877119785,0.7844957264957266,0.00612492561340332
0.8052678322995886,0.8403621730382295,0.8793806096437675,0.7844957264957266,0.006219720840454102
0.800731780422168,0.8375050301810866,0.8774086705121189,0.7804957264957265,0.006218242645263672
0.8015949891995687,0.8375452716297787,0.8783835803572646,0.7806495726495728,0.00656743049621582
0.8148589981447124,0.8461167002012072,0.8788635699833783,0.7944273504273505,0.005809879302978516
0.7991880808395597,0.8347686116700201,0.8718034937771779,0.7787350427350427,0.006559944152832032


- MF-V Method:
f1,accuracy,precision,recall,time
0.8110512810741431,0.8289738430583501,0.8373081972509624,0.8022735042735043,0.0031139373779296873
0.8501674735444723,0.8689738430583501,0.8829321334111139,0.836940170940171,0.003610706329345703
0.8707932016669988,0.8888128772635815,0.9123383815064487,0.852034188034188,0.0036025047302246094
0.8568661685230168,0.8774245472837021,0.8989398868553607,0.8379658119658119,0.004006195068359375
0.8321324390216314,0.8602012072434608,0.886030303030303,0.8136581196581197,0.006745433807373047
0.836733030572718,0.8630985915492957,0.88811906897312,0.8178119658119659,0.006591176986694336
0.8218439973890227,0.8517907444668008,0.8809359634076616,0.8022735042735043,0.006344747543334961
0.8186155286058572,0.8490140845070423,0.880508290156123,0.7985811965811965,0.006219673156738281
0.8300115508918002,0.8574647887323943,0.8854982529699511,0.810119658119658,0.006945943832397461
0.7991880808395597,0.8347686116700201,0.8718034937771779,0.7787350427350427,0.0067578315734863285


Madelon Dataset:

- Fisher Score Method:
f1,accuracy,precision,recall,time
0.9045995552177674,0.9046153846153846,0.904910575771923,0.9046153846153846,0.021612119674682618
0.8157117478808512,0.8157692307692306,0.816157024670358,0.8157692307692306,0.02510061264038086
0.7609084314411878,0.7611538461538462,0.76219203416744,0.7611538461538462,0.025344038009643556
0.7256719153023935,0.7261538461538463,0.7276785348737993,0.7261538461538461,0.026491928100585937
0.7086559472433663,0.7096153846153846,0.7127015932063115,0.7096153846153846,0.02942214012145996
0.6841255361726171,0.685,0.686992185104875,0.685,0.031026840209960938
0.6783078699415382,0.6796153846153846,0.6824548880828416,0.6796153846153847,0.03231592178344726
0.666241643458631,0.6692307692307692,0.6756059715003622,0.6692307692307692,0.032711458206176755
0.6548993420967225,0.6573076923076923,0.6625439677774935,0.6573076923076923,0.03461942672729492
0.6369424562589732,0.6396153846153847,0.6437597963594339,0.6396153846153846,0.03568863868713379


- LS Method:
f1,accuracy,precision,recall,time
0.9376855648956635,0.9376923076923077,0.9378846842327506,0.9376923076923077,0.02802433967590332
0.8452863049595096,0.8453846153846154,0.8462168150633952,0.8453846153846154,0.03167729377746582
0.7665965701628659,0.7669230769230768,0.7684050606022617,0.7669230769230768,0.03564672470092774
0.7450556836714692,0.7453846153846154,0.7468399370414911,0.7453846153846153,0.03649516105651855
0.7234637424203179,0.7238461538461538,0.7251324813214671,0.7238461538461538,0.037946319580078124
0.6975025569051989,0.698076923076923,0.6994406424047124,0.6980769230769232,0.042502403259277344
0.6980183094548501,0.6984615384615385,0.699694833670595,0.6984615384615385,0.04237794876098633
0.6671293685675457,0.6688461538461539,0.6723760242439385,0.6688461538461539,0.04421830177307129
0.6602328592471833,0.6630769230769231,0.6682753487390547,0.6630769230769231,0.04679903984069824
0.6369424562589732,0.6396153846153847,0.6437597963594339,0.6396153846153846,0.04740786552429199


- MCFS Method:
f1,accuracy,precision,recall,time
0.7685336124840221,0.7688461538461538,0.769874602182972,0.7688461538461538,0.03932943344116211
0.7249297664107981,0.7249999999999999,0.7252447503192412,0.725,0.05043148994445801
0.6925543551382107,0.6926923076923076,0.6931081158176786,0.6926923076923076,0.05064592361450195
0.6913320562186245,0.6923076923076923,0.6945779647011536,0.6923076923076923,0.050234317779541016
0.6585674733811686,0.6588461538461539,0.6596071796263806,0.6588461538461539,0.05296025276184082
0.6648701381540508,0.6653846153846155,0.6665199302602891,0.6653846153846154,0.05538263320922852
0.6459094193572787,0.6476923076923077,0.6502884883938194,0.6476923076923077,0.05423102378845215
0.6508799760448417,0.6534615384615385,0.6577603883026258,0.6534615384615385,0.05644125938415527
0.6432269860695093,0.6457692307692307,0.6485537401547787,0.6457692307692307,0.05637202262878418
0.6369424562589732,0.6396153846153847,0.6437597963594339,0.6396153846153846,0.05821981430053711


- ReliefF Method: 
f1,accuracy,precision,recall,time
0.9438431891645742,0.9438461538461537,0.9439378990214902,0.9438461538461537,0.024454689025878905
0.8402665459381208,0.8403846153846153,0.84118840557799,0.8403846153846153,0.02683086395263672
0.7970304927036602,0.7976923076923077,0.8013432912659468,0.7976923076923077,0.029427242279052735
0.7529183229428311,0.7534615384615384,0.7557584237183477,0.7534615384615384,0.03124079704284668
0.7311233931438205,0.7323076923076923,0.7364746577752462,0.7323076923076923,0.032491636276245114
0.7115499005655758,0.7123076923076923,0.7144912880098533,0.7123076923076923,0.03305130004882813
0.6918063812072159,0.6934615384615384,0.6977168298034967,0.6934615384615384,0.03382363319396973
0.6748319605035815,0.676923076923077,0.6814363760863034,0.676923076923077,0.035367393493652345
0.665930226469912,0.6688461538461538,0.6747449222658872,0.6688461538461538,0.037804269790649415
0.6369424562589732,0.6396153846153847,0.6437597963594339,0.6396153846153846,0.03888082504272461


- MF-M Method:
f1,accuracy,precision,recall,time
0.49595088539581367,0.49653846153846154,0.4965126924329983,0.49653846153846154,0.03037710189819336
0.5118691867320506,0.5123076923076922,0.5123145621348785,0.5123076923076922,0.029976511001586915
0.5050463484624317,0.5119230769230769,0.5125168332166262,0.5119230769230769,0.029982852935791015
0.5124256785403052,0.5153846153846153,0.5155371815061867,0.5153846153846154,0.031231403350830078
0.5338577386167966,0.5396153846153846,0.5417388115550242,0.5396153846153846,0.042644405364990236
0.5461376067329465,0.55,0.5516837391123159,0.55,0.0340235710144043
0.5365507025869989,0.5403846153846155,0.5417715688555252,0.5403846153846155,0.0398709774017334
0.5121391696731108,0.5149999999999999,0.5152205903694025,0.5149999999999999,0.037738895416259764
0.5311393117301535,0.5342307692307692,0.5351583935349047,0.5342307692307692,0.038535451889038085
0.6369424562589732,0.6396153846153847,0.6437597963594339,0.6396153846153846,0.038999414443969725


- UDFS Method:
f1,accuracy,precision,recall,time
0.5930187652018866,0.5930769230769231,0.5931609925040237,0.5930769230769231,0.036461687088012694
0.5613936441083551,0.561923076923077,0.5620076167827721,0.5619230769230769,0.039846038818359374
0.6048165139580995,0.6053846153846154,0.6056121117052271,0.6053846153846154,0.048338699340820315
0.6308329732306113,0.6311538461538462,0.6320180274126285,0.6311538461538462,0.04351058006286621
0.6292141070856789,0.6299999999999999,0.6318535028198137,0.6300000000000001,0.05045018196105957
0.667123364236426,0.6684615384615384,0.6722069619132067,0.6684615384615384,0.04618492126464844
0.664888590246952,0.6665384615384615,0.6700763791394353,0.6665384615384615,0.048486185073852536
0.6694322976269846,0.6711538461538461,0.6743570900004965,0.6711538461538461,0.05149407386779785
0.6561470305521693,0.658076923076923,0.6617037011142661,0.658076923076923,0.05275783538818359
0.6369424562589732,0.6396153846153847,0.6437597963594339,0.6396153846153846,0.052264976501464847


- MF-V Method:
f1,accuracy,precision,recall,time
0.8883730001477632,0.8884615384615385,0.8896800753506785,0.8884615384615383,0.023703622817993163
0.766314900718079,0.7665384615384615,0.7676309932029585,0.7665384615384615,0.024773931503295897
0.7205394678405345,0.7207692307692308,0.7214734634109906,0.7207692307692308,0.026011562347412108
0.6926323908815541,0.6934615384615384,0.6954738052774825,0.6934615384615384,0.02716860771179199
0.6759109872870972,0.6769230769230768,0.6790708836119502,0.6769230769230768,0.03491668701171875
0.6411850161528766,0.6426923076923077,0.6448138355183247,0.6426923076923077,0.031963443756103514
0.6310931407953209,0.6334615384615384,0.6365053197436461,0.6334615384615384,0.03277220726013184
0.6302384966749468,0.6334615384615384,0.6381770751435202,0.6334615384615384,0.0341437816619873
0.6181605419973949,0.6211538461538462,0.6250900470947693,0.6211538461538462,0.0351163387298584
0.6369424562589732,0.6396153846153847,0.6437597963594339,0.6396153846153846,0.03685641288757324


Musk (Version 1) Dataset:

- Fisher Score Method:
f1,accuracy,precision,recall,time
0.845392698416483,0.8484429824561402,0.845609748133004,0.846033937428323,0.007105207443237305
0.8381043893549922,0.8401315789473685,0.8400278875970365,0.8414048556478377,0.007070779800415039
0.8513959651740179,0.8528289473684211,0.8526799641552325,0.8554631516665572,0.007669401168823242
0.8686125569157944,0.8697149122807017,0.8694717701376866,0.8731557571640407,0.007481098175048828
0.8789364776002836,0.8802192982456141,0.8815575141539138,0.8830720701636485,0.008080387115478515
0.8770133407361914,0.8780921052631578,0.8777703505644683,0.8810341930912571,0.0075417041778564455
0.8791898623537382,0.8802192982456141,0.8798121541279471,0.8835544208991056,0.007604360580444336
0.8878859487707474,0.8885745614035088,0.8874556375741787,0.8937003435622856,0.007976770401000977
0.8901706922387517,0.8906798245614036,0.8905287369341816,0.8971626284097521,0.008330059051513673
0.8964029901905131,0.8970175438596492,0.8966452699562624,0.902270286853812,0.008777999877929687


- LS Method:
f1,accuracy,precision,recall,time
0.755301815782462,0.7563377192982456,0.7572654254490778,0.7610215073399611,0.006926250457763672
0.7680903048034154,0.7709649122807016,0.7828695688879485,0.7766820794892585,0.007353305816650391
0.7457627609596897,0.7480043859649121,0.7585756849030383,0.7549513388215643,0.007150506973266602
0.7407296837088972,0.7437280701754386,0.755090137742082,0.7498754556278716,0.007756662368774414
0.7924662277698085,0.7942105263157895,0.8019811530207577,0.8004475318787329,0.007253694534301758
0.821713651035975,0.8236403508771929,0.8293666955657498,0.8257400224496404,0.007928991317749023
0.8177017653924852,0.8194736842105262,0.8209005066653097,0.8214954090241712,0.007510852813720703
0.8582095778396163,0.8593640350877193,0.8586416833994551,0.8623323277257929,0.007551765441894532
0.8832763934714271,0.8844736842105263,0.8833204714849708,0.8861999235446083,0.007663726806640625
0.8964029901905131,0.8970175438596492,0.8966452699562624,0.902270286853812,0.008129310607910157


- MCFS Method:
f1,accuracy,precision,recall,time
0.7641482070251444,0.7646271929824561,0.7708964948675593,0.7734231075464393,0.007425928115844726
0.7991292236158902,0.8005043859649122,0.8009289094934747,0.8035731938631155,0.007048416137695313
0.8302270925892069,0.831951754385965,0.8311916398144348,0.8335608733445825,0.00803375244140625
0.8541001048872341,0.8551315789473684,0.8548947463856453,0.8584425988015495,0.008320856094360351
0.8477684663388159,0.8488815789473685,0.8479876710776917,0.8526133621623728,0.008010101318359376
0.8540187111307664,0.8550877192982457,0.8544886700708687,0.8579828924973885,0.008269214630126953
0.8393427255054957,0.8403947368421052,0.8415372895449711,0.8451360735530086,0.008351993560791016
0.879249557740906,0.8802412280701754,0.8816637730573719,0.884879850595451,0.008585262298583984
0.894320417314513,0.894890350877193,0.8965661518616692,0.9008894635217691,0.007952642440795899
0.8964029901905131,0.8970175438596492,0.8966452699562624,0.902270286853812,0.008713006973266602


- ReliefF Method: 
f1,accuracy,precision,recall,time
0.9678362319792152,0.968421052631579,0.9680351055005909,0.9680421332515212,0.00740962028503418
0.9082496456379092,0.9097149122807018,0.9105374249991531,0.9091377584934879,0.007993650436401368
0.9084723657389663,0.9097149122807018,0.9099178081413694,0.9089517332729482,0.011051130294799805
0.8909536495937473,0.8929166666666667,0.8927730946501059,0.8903982741534513,0.009706497192382812
0.8890351833038672,0.8908333333333334,0.892232002786314,0.8891335948399914,0.00836639404296875
0.8869964847326444,0.8886622807017543,0.8890213544342382,0.887682890305992,0.008028221130371094
0.8996789145305337,0.901359649122807,0.8995983439836113,0.9000613591041571,0.0075699806213378905
0.8936272230696882,0.8949780701754386,0.8926607594045922,0.8961743085535078,0.00736393928527832
0.8919298049030762,0.8928947368421053,0.8911830616282994,0.8953339079662136,0.0076981067657470705
0.8964029901905131,0.8970175438596492,0.8966452699562624,0.902270286853812,0.0073206424713134766


- MF-M Method:
f1,accuracy,precision,recall,time
0.8167545521365268,0.8171271929824562,0.8206961606047963,0.8254986035934035,0.007597589492797851
0.8015054383230389,0.8026096491228071,0.8148445141451293,0.8122566027996309,0.007605981826782226
0.8504546273373126,0.8508114035087718,0.8570051113746722,0.8601804980313954,0.008830595016479491
0.8586704935542018,0.8591666666666666,0.8618277980742599,0.8665065729722885,0.008036088943481446
0.8526726916504419,0.8529605263157893,0.8586507100542585,0.8626313316143044,0.008465766906738281
0.8566138858739164,0.8570833333333333,0.8601229912681111,0.8647359245380415,0.007910680770874024
0.8732047228980372,0.8739692982456141,0.8756953405239845,0.8797835143670394,0.007624006271362305
0.8644254736457884,0.8655043859649123,0.8666537886931739,0.8695214476852765,0.008086252212524413
0.8585541438555921,0.8592105263157894,0.8618452430703819,0.8661403662554145,0.0076540946960449215
0.8964029901905131,0.8970175438596492,0.8966452699562624,0.902270286853812,0.009244537353515625


- UDFS Method:
f1,accuracy,precision,recall,time
0.7669596622555934,0.7689035087719299,0.7736030414252412,0.7718422584046147,0.00678400993347168
0.834807737832126,0.8361622807017544,0.8359803234992871,0.8394272419813147,0.008315563201904297
0.8289575831932128,0.8298464912280702,0.8299398731123656,0.8351041035118347,0.01010599136352539
0.8480599008834304,0.8487719298245613,0.8492930247197693,0.854625429452857,0.008054542541503906
0.8583146099694938,0.8592543859649122,0.861037311447179,0.8645766830534434,0.007673978805541992
0.860383692354279,0.8613815789473683,0.8620668841052002,0.865829553174238,0.008199739456176757
0.8794282083629186,0.8803508771929826,0.8800108884156408,0.8842464152404329,0.008327198028564454
0.8750943555522447,0.8760964912280702,0.8755355456546768,0.8799786704066502,0.007999420166015625
0.8831119000459751,0.8844517543859649,0.8833992990092157,0.8862929361548781,0.007751321792602539
0.8964029901905131,0.8970175438596492,0.8966452699562624,0.902270286853812,0.007811260223388672


- MF-V Method:
f1,accuracy,precision,recall,time
0.9679939471525694,0.968486842105263,0.969253114706351,0.9676754395576299,0.006838607788085938
0.9364176345465459,0.9370175438596492,0.935652685504443,0.9402988090977047,0.007244729995727539
0.9131696380086141,0.9138377192982455,0.912030952677654,0.9182481245297629,0.007476949691772461
0.8985817953509322,0.8991666666666667,0.8979694533940059,0.9041103295129986,0.008295392990112305
0.9008263246091435,0.9013157894736843,0.9007869561022066,0.9070902636250082,0.007475757598876953
0.9131870836171141,0.9138815789473684,0.9119865160277574,0.9176028799820793,0.007868003845214844
0.9111912625399565,0.9117324561403508,0.9110771317749761,0.9169485046153246,0.007892847061157227
0.9111924037506851,0.9117324561403508,0.9110795359547682,0.9169485046153246,0.00831451416015625
0.8900200796726777,0.8907456140350878,0.8895585276327334,0.895726411442012,0.0077931880950927734
0.8964029901905131,0.8970175438596492,0.8966452699562624,0.902270286853812,0.00800943374633789


Scene Dataset:

- Fisher Score Method:
f1,accuracy,precision,recall,time
0.721182968278347,0.8400548649511306,0.727633709912257,0.7157756762246524,0.021132946014404297
0.731871716106944,0.8367275989682629,0.7251786469825623,0.7410397832947648,0.022440195083618164
0.7621981799192832,0.850005607267018,0.7493634534378163,0.7807080986183745,0.02428121566772461
0.7713380275552575,0.8529127595517636,0.7532911513119804,0.7978923511812572,0.025475502014160156
0.7851263101406325,0.8641385081219106,0.7687880620664991,0.8074942116545764,0.026323747634887696
0.7740105342917545,0.8541722379896655,0.7548900426144561,0.8023342814725677,0.0264437198638916
0.7866990269520852,0.8628936948439023,0.7673234280183839,0.8148997368649595,0.027177095413208008
0.7856665782439614,0.861646293596501,0.7662487486226739,0.8150485907259126,0.028207159042358397
0.7881652820642502,0.8629057720344028,0.7683762255503347,0.8184968665879815,0.029195117950439452
0.8579216946036695,0.912335987439722,0.8442816287387052,0.874922993806796,0.02879676818847656


- LS Method:
f1,accuracy,precision,recall,time
0.6548342784957876,0.8171780781739288,0.677074601034841,0.6427609082408956,0.021630525588989258
0.6960868541298879,0.8217734491593411,0.6985036161773064,0.6946222971956632,0.023047161102294923
0.7190527863322618,0.8309072558035213,0.7147260050543607,0.7246589046802724,0.024155092239379884
0.7789057111526145,0.8662459778642351,0.7771515416510625,0.7825463757180383,0.025144243240356447
0.9130008417983244,0.950149670896559,0.9240043346509352,0.9034244190916914,0.025565481185913085
0.8929254508577588,0.9368509588426601,0.8918496263587621,0.8953524413072899,0.025754976272583007
0.8812086571232209,0.9301972895333892,0.8823701330531971,0.8812831947421799,0.027820539474487305
0.8666295668613089,0.9206442318475514,0.8635177360189654,0.8709434851801848,0.029369878768920898
0.8602131486348407,0.9152414144115391,0.8501798554798349,0.872161019716723,0.029992103576660156
0.8579216946036695,0.912335987439722,0.8442816287387052,0.874922993806796,0.032229375839233396


- MCFS Method:
f1,accuracy,precision,recall,time
0.7356308353909748,0.8425479421330044,0.7367075774957987,0.7381670782925946,0.021150922775268553
0.7417161026912227,0.8446252188990778,0.7383369893146428,0.74844705210931,0.028044462203979492
0.7723481706115891,0.8620750338592662,0.766270082931076,0.7808040675962676,0.02549324035644531
0.7746747127256555,0.8620655446381589,0.7661850606028323,0.7862439838991665,0.025569963455200195
0.7941314547486317,0.8728642782584691,0.7835467541016359,0.8091708841790556,0.025274944305419923
0.7822047744239244,0.8641359201525176,0.7697673892843067,0.8002031978141224,0.025394153594970704
0.827180407337291,0.8932419492585467,0.8158703559434786,0.8415788322866069,0.028276872634887696
0.841593551609723,0.900310556327154,0.8248670258365651,0.8639955994117374,0.02870640754699707
0.8612888415676127,0.9144132642057953,0.8471092546128048,0.8789049689078618,0.029227781295776366
0.8579216946036695,0.912335987439722,0.8442816287387052,0.874922993806796,0.029152297973632814


- ReliefF Method: 
f1,accuracy,precision,recall,time
0.9957200083344769,0.9975069228181261,0.9984899275657222,0.9930499866345898,0.02196493148803711
0.975602164746092,0.9858714124274292,0.9839107134777885,0.9678089524563592,0.025179338455200196
0.9377135935705245,0.9638503808628289,0.9424434264377153,0.9335010356526807,0.026033782958984376
0.9082777688796788,0.9455732783533612,0.9045492127889878,0.9133648453513852,0.03795256614685059
0.8922527478507097,0.935598381656473,0.8871939907833575,0.8982034427697437,0.02881302833557129
0.8811379408006215,0.9281208754237801,0.8743891690673852,0.8900105333993247,0.02833271026611328
0.8745302264845032,0.9239680472045617,0.8650705351010194,0.8856348226409538,0.028391933441162108
0.866342602038018,0.9185686803944065,0.8556292633386325,0.8796568191225749,0.029075002670288085
0.8601725029253183,0.9139957384770664,0.8469711668296489,0.8768586435856746,0.02999105453491211
0.8579216946036695,0.912335987439722,0.8442816287387052,0.874922993806796,0.031947898864746097


- MF-M Method:
f1,accuracy,precision,recall,time
0.5586251010864307,0.8230018719645275,0.6733075557806748,0.5556486638127132,0.020252370834350587
0.5659915132175228,0.8250877752952441,0.6821890841809063,0.5605409043589284,0.022858715057373045
0.6663625296788068,0.8412945022903529,0.7378510041618876,0.6421443296157292,0.025099945068359376
0.6959683562503585,0.8433726417128907,0.7341179484441209,0.6760656928117059,0.025974082946777343
0.73374892826373,0.8525116242958568,0.7510528701295422,0.7224666805498777,0.0257357120513916
0.7434185559504524,0.8566610018892178,0.7575839013278063,0.7331690387578443,0.025966119766235352
0.7606660801494611,0.8641376454654462,0.7702793717476086,0.7531088134089262,0.026294183731079102
0.7923307221372409,0.8703729263895239,0.7789811495284626,0.8130473017610248,0.031007909774780275
0.7906288901417197,0.8683051388445581,0.7756585124182438,0.8118082097968509,0.03411984443664551
0.8579216946036695,0.912335987439722,0.8442816287387052,0.874922993806796,0.030297136306762694


- UDFS Method:
f1,accuracy,precision,recall,time
0.913673158342232,0.9551047696275912,0.9279124274477759,0.903606833615868,0.02053799629211426
0.9528839521728001,0.9725787389687804,0.958334957223878,0.9479379263588962,0.024193477630615235
0.932537503137206,0.9609432285780833,0.9408198671402334,0.9254124051924849,0.02415308952331543
0.9137130156701646,0.9493051302179933,0.9148970512061636,0.9128819633813391,0.024205827713012697
0.889060874841759,0.9339377679626641,0.8851955228777013,0.894435814603559,0.025117158889770508
0.8791779910559476,0.9272909999051079,0.8720831692616613,0.8876722258980946,0.02558894157409668
0.8703689375049913,0.9206442318475514,0.8590915185231245,0.8844968766363912,0.027097702026367188
0.8640533418887829,0.9164888156589402,0.8526884995886865,0.8792331561224499,0.027408933639526366
0.8603033098751386,0.9131650003019297,0.8448753083407148,0.8799793715375923,0.02808222770690918
0.8579216946036695,0.912335987439722,0.8442816287387052,0.874922993806796,0.02926359176635742


- MF-V Method:
f1,accuracy,precision,recall,time
0.977449423612469,0.9871222643006876,0.9902580894022133,0.9658268415992269,0.02076544761657715
0.9542258970913764,0.9742462539143038,0.9742446248258354,0.9371782670943188,0.028548431396484376
0.9428411942079202,0.9680109729902261,0.9685844688179197,0.9215951158371449,0.03271870613098145
0.9205789753040836,0.9547105356233987,0.935869080394807,0.9080520157981506,0.024226665496826172
0.910599915133701,0.947647967150042,0.9146652325684496,0.9073599920720097,0.025212621688842772
0.8858269958609652,0.9318561779142692,0.8824028638113998,0.8904532001980561,0.026204442977905272
0.8778787809215933,0.9268726115199145,0.8722872153044893,0.8846608948806122,0.03362598419189453
0.8682070505332536,0.9202215301800365,0.8597594588469002,0.8788196584217414,0.03444066047668457
0.8708149099814069,0.921472382053295,0.8603626564164543,0.8832182959599137,0.027498149871826173
0.8579216946036695,0.912335987439722,0.8442816287387052,0.874922993806796,0.029203176498413086


Sonar Dataset:

- Fisher Score Method:
f1,accuracy,precision,recall,time
0.7570368491922609,0.7599303135888501,0.7666893980968553,0.7570480549199085,0.002517366409301758
0.7505212824635318,0.7551684088269454,0.7663520579817524,0.7514614104431037,0.0027024269104003905
0.7611905969978562,0.7646922183507548,0.7718280327269087,0.7614614104431039,0.004645299911499023
0.8238564029037174,0.826945412311266,0.8360054406377934,0.8230216351154566,0.005217981338500976
0.8231985398930688,0.826945412311266,0.8383854293854294,0.8223039317661742,0.004993438720703125
0.7963551850386429,0.802787456445993,0.8239246048069578,0.7978188059080507,0.005158662796020508
0.8116356809962124,0.8173054587688734,0.8337391613620605,0.8118431454129394,0.005165624618530274
0.8256091457562047,0.8317073170731707,0.8549495906392458,0.8259340545038485,0.005036306381225586
0.8084534058819773,0.8123112659698025,0.8223348737879631,0.8084699396713126,0.005440473556518555
0.8086844784726376,0.8124274099883856,0.8210976296403676,0.8072259205325567,0.00491938591003418


- LS Method:
f1,accuracy,precision,recall,time
0.7017373728988694,0.7111498257839722,0.7144665334665335,0.7036914915747868,0.003219318389892578
0.7184900926632082,0.7260162601626016,0.7347568302384563,0.7196785937174953,0.00279998779296875
0.7660623142087672,0.7695702671312427,0.7743123083225385,0.7648876638235906,0.0048007965087890625
0.8013777930073485,0.8031358885017422,0.8047633469863917,0.8005512793842312,0.0053408145904541016
0.8151919654207983,0.8176538908246226,0.8207679738562093,0.8135354691075515,0.004819536209106445
0.8089191673479599,0.8128919860627178,0.8215998037050669,0.8074287497399626,0.004401969909667969
0.8289735245330176,0.8317073170731707,0.8369198238433668,0.8281464530892448,0.0051024436950683595
0.8062911899683064,0.8125435540069686,0.8307225829725831,0.8068431454129394,0.005405950546264649
0.8090755781864669,0.8126596980255517,0.8235266694090224,0.8088651965883086,0.005400466918945313
0.8086844784726376,0.8124274099883856,0.8210976296403676,0.8072259205325567,0.005200242996215821


- MCFS Method:
f1,accuracy,precision,recall,time
0.7552873568754158,0.7594657375145182,0.764100027423557,0.7561316829623467,0.002398967742919922
0.7528855828255142,0.759814169570267,0.7741170853719648,0.7553546910755149,0.002401876449584961
0.7789071555016486,0.7838559814169569,0.7937823565323565,0.7779436238818389,0.004868459701538086
0.8008706154930412,0.8030197444831592,0.8068772392113353,0.8003598918244228,0.005145502090454101
0.7800860936844053,0.78397212543554,0.7938359788359789,0.7810120657374662,0.004710960388183594
0.7801785160930654,0.7839721254355402,0.791439393939394,0.7817297690867485,0.004732990264892578
0.8044639620229358,0.8081300813008131,0.8184931696831012,0.8049115872685666,0.004926013946533203
0.8141942819589879,0.8176538908246226,0.8283638939245346,0.8134761805700021,0.005050802230834961
0.8328688436173813,0.8365853658536585,0.8508135635493648,0.831651757853131,0.0048144817352294925
0.8086844784726376,0.8124274099883856,0.8210976296403676,0.8072259205325567,0.004763221740722657


- ReliefF Method: 
f1,accuracy,precision,recall,time
0.7681217226085886,0.7746806039488966,0.7964440666860021,0.770104014978157,0.002471160888671875
0.7788913271741484,0.783623693379791,0.7976685906685906,0.7787278968171417,0.0024093151092529296
0.7880018729555329,0.7933797909407666,0.8089869087039473,0.7894518410651133,0.005117082595825195
0.806745669323892,0.8125435540069686,0.8310171499429811,0.8068431454129396,0.004989051818847656
0.8064061009883463,0.8126596980255517,0.8270029168852109,0.8064541293946327,0.005408954620361328
0.7887436741911242,0.7933797909407666,0.8015814630745981,0.7887268566673601,0.0050051212310791016
0.8281430997282062,0.8318234610917538,0.8420520128493274,0.8274349906386519,0.005196428298950196
0.822990326007951,0.8271777003484321,0.8399454557273242,0.8216517578531308,0.0053802490234375
0.8188866370090627,0.8221835075493612,0.8317192675745307,0.8182130226752653,0.005155706405639648
0.8086844784726376,0.8124274099883856,0.8210976296403676,0.8072259205325567,0.005292940139770508


- MF-M Method:
f1,accuracy,precision,recall,time
0.6353112564662717,0.6396051103368177,0.6498680090393645,0.6410609527772,0.0024496078491210937
0.6976280424193139,0.7065040650406504,0.7179408586305137,0.6996130642812565,0.0024020195007324217
0.7344100030579084,0.7403019744483159,0.750214599234346,0.7348221343873518,0.005205297470092773
0.7834671786639043,0.7885017421602788,0.7986311989835345,0.7828780944456002,0.004714393615722656
0.7854507695551339,0.7932636469221835,0.8094883571465722,0.7852038693571874,0.004463100433349609
0.7887271797910096,0.7933797909407666,0.8031315269697623,0.7870282920740586,0.004842376708984375
0.7941115391039404,0.7981416957026713,0.8055045215038821,0.7930091533180778,0.004729461669921875
0.824345913393228,0.826945412311266,0.833249476159861,0.823278552111504,0.004507303237915039
0.8089503608627714,0.8127758420441348,0.8241633089133089,0.8082130226752652,0.005003118515014648
0.8086844784726376,0.8124274099883856,0.8210976296403676,0.8072259205325567,0.004803895950317383


- UDFS Method:
f1,accuracy,precision,recall,time
0.7263080157814136,0.7312427409988385,0.7376993026043369,0.7259288537549405,0.002702808380126953
0.7759949990729744,0.7789779326364691,0.7832372621445848,0.7759995839400873,0.0028000354766845705
0.8102220059666868,0.8121951219512195,0.8139586081572217,0.8091158726856665,0.005599212646484375
0.8143911618021591,0.8173054587688734,0.8265563188662192,0.8130153942167672,0.005000400543212891
0.8000026543504806,0.80267131242741,0.8076731815394489,0.7993790305804036,0.010031032562255859
0.8136364450650164,0.8169570267131242,0.8246653909697388,0.8132723112128145,0.005924654006958008
0.84340902100924,0.8459930313588849,0.8562397787397786,0.842698148533389,0.005210399627685547
0.8084689254759126,0.8126596980255517,0.8287605450105451,0.8079561056792178,0.005669069290161133
0.798807681680022,0.8031358885017422,0.8153815628815628,0.7982130226752653,0.005261945724487305
0.8086844784726376,0.8124274099883856,0.8210976296403676,0.8072259205325567,0.005143070220947265


- MF-V Method:
f1,accuracy,precision,recall,time
0.6513493489417341,0.6584204413472705,0.6696613190730837,0.6560422300811316,0.0024075984954833986
0.7141171328317603,0.7164924506387922,0.721084022765945,0.7152173913043478,0.002416181564331055
0.7799147982663419,0.78397212543554,0.7917959470454934,0.7801633035157062,0.00555877685546875
0.7797496277372439,0.784088269454123,0.7922913028211696,0.7801633035157062,0.005301904678344726
0.8079491055862371,0.8126596980255517,0.8246942092994726,0.808541710006241,0.005191993713378906
0.8272042759591555,0.8315911730545876,0.8450073270205116,0.8267172872893696,0.004962396621704101
0.7818351674945632,0.7885017421602788,0.8060131844528395,0.782034532972748,0.005353784561157227
0.8079637511007973,0.8126596980255517,0.826682622932623,0.8071063033076763,0.005837583541870117
0.7920487250289198,0.7980255516840883,0.8123215055283233,0.7917713750780112,0.004925394058227539
0.8086844784726376,0.8124274099883856,0.8210976296403676,0.8072259205325567,0.0050045490264892575

Wine Dataset:

- Fisher Score Method:
f1,accuracy,precision,recall,time
0.7321720857765776,0.730952380952381,0.7446543761249644,0.7445214045214045,0.0026137828826904297
0.836426113358678,0.8314285714285713,0.8428909978909978,0.8392063492063493,0.0025246143341064453
0.9184416141357671,0.9157142857142857,0.9208746808746809,0.926031746031746,0.0025006771087646485
0.9561405527769715,0.9552380952380952,0.9553712953712955,0.9622222222222223,0.002492475509643555
0.9508000641333976,0.9498412698412698,0.9531779331779331,0.9571428571428571,0.002342510223388672
0.9679945733279066,0.9665079365079364,0.9680985680985682,0.9714285714285715,0.0024033069610595705
0.9676604045726854,0.9663492063492063,0.9674925074925076,0.9714285714285715,0.002500629425048828
0.9779168148290956,0.9774603174603176,0.9770163170163171,0.980952380952381,0.002601003646850586
0.9779168148290956,0.9774603174603176,0.9770163170163171,0.980952380952381,0.002611732482910156
0.9721091923245584,0.9717460317460318,0.9703496503496505,0.9765079365079365,0.002502775192260742


- LS Method:
f1,accuracy,precision,recall,time
0.7811128472663587,0.7753968253968255,0.8006494921200804,0.791029341029341,0.002102231979370117
0.8786254811974892,0.8758730158730158,0.8869569319569319,0.882905242905243,0.0025284290313720703
0.9184416141357671,0.9157142857142857,0.9208746808746809,0.926031746031746,0.0025083065032958985
0.9466348239379092,0.943968253968254,0.9477289377289377,0.9519047619047619,0.002404594421386719
0.9408540595207262,0.9387301587301587,0.9453191253191253,0.9476190476190476,0.0026007652282714843
0.962236775570109,0.9609523809523809,0.963048063048063,0.9666666666666668,0.0024993896484375
0.9738282458282459,0.9720634920634922,0.9741591741591742,0.9761904761904763,0.002608203887939453
0.9721091923245584,0.9719047619047618,0.9725718725718726,0.9742857142857144,0.002404308319091797
0.9662983098772573,0.9663492063492063,0.9655877455877457,0.9695238095238097,0.002624654769897461
0.9721091923245584,0.9717460317460318,0.9703496503496505,0.9765079365079365,0.003040170669555664


- MCFS Method:
f1,accuracy,precision,recall,time
0.6287185579802212,0.6390476190476191,0.6511332349567645,0.6452861952861954,0.002903175354003906
0.7081076418819915,0.7012698412698413,0.721041921041921,0.7113949013949015,0.002703857421875
0.8737153593907585,0.8706349206349205,0.8808197358197358,0.8748388648388647,0.002950429916381836
0.9470022408413212,0.9438095238095237,0.9506959706959707,0.946984126984127,0.003440523147583008
0.9183417686868067,0.9153968253968253,0.9240136715136715,0.9261904761904762,0.002484035491943359
0.9451895421018228,0.943968253968254,0.9451925851925852,0.9515873015873015,0.0029814720153808595
0.9618191347314156,0.9606349206349206,0.9621645021645022,0.9666666666666668,0.00313420295715332
0.9562816598606073,0.9552380952380952,0.9563813963813963,0.961904761904762,0.003223276138305664
0.9560418996208471,0.954920634920635,0.9553712953712955,0.9625396825396827,0.002939462661743164
0.9721091923245584,0.9717460317460318,0.9703496503496505,0.9765079365079365,0.002960205078125


- ReliefF Method: 
f1,accuracy,precision,recall,time
0.7493778044738086,0.7417460317460318,0.7605413976002212,0.7572198172198172,0.0024004459381103517
0.8458623017098515,0.8371428571428572,0.8543592518592519,0.8516883116883116,0.0026018619537353516
0.9084045400986931,0.9046031746031746,0.9107070707070708,0.9157142857142857,0.002412748336791992
0.9295661531451005,0.9268253968253968,0.9301132201132202,0.937936507936508,0.0023224353790283203
0.91841705729909,0.9158730158730158,0.9213020313020313,0.9280952380952382,0.0023148059844970703
0.9356945945766274,0.9328571428571429,0.9397635697635698,0.9431746031746032,0.0023041248321533205
0.9669473398596207,0.9663492063492063,0.9658275058275059,0.9714285714285715,0.003015565872192383
0.9616140065262873,0.9607936507936508,0.9614319014319015,0.9666666666666668,0.0022095203399658202
0.9779168148290956,0.9774603174603176,0.9770163170163171,0.980952380952381,0.002813100814819336
0.9721091923245584,0.9717460317460318,0.9703496503496505,0.9765079365079365,0.0028011322021484373


- MF-M Method:
f1,accuracy,precision,recall,time
0.6183857064167821,0.6733333333333332,0.6511389146915463,0.6375324675324675,0.0024884223937988283
0.8019378988377646,0.808888888888889,0.8068812668812668,0.8044396344396345,0.0026121139526367188
0.7822794174486598,0.7920634920634921,0.7921665371665372,0.7840692640692641,0.002916908264160156
0.8245814500780175,0.8317460317460318,0.8320443445443445,0.8352621452621453,0.002597522735595703
0.8637406138794391,0.8653968253968255,0.8695674695674696,0.8697065897065898,0.002607297897338867
0.9010722880532187,0.8993650793650794,0.9038409738409738,0.9057142857142857,0.002543210983276367
0.9117846168387247,0.9099999999999999,0.919219865102218,0.9177777777777777,0.002942323684692383
0.9342386108429437,0.9326984126984126,0.9402699261522791,0.9385714285714286,0.0019026756286621093
0.9401444147793079,0.9382539682539681,0.9437012987012986,0.9452380952380952,0.003009796142578125
0.9721091923245584,0.9717460317460318,0.9703496503496505,0.9765079365079365,0.0026790618896484373


- UDFS Method:
f1,accuracy,precision,recall,time
0.6192737664638454,0.6231746031746032,0.6300754113447612,0.6283742183742185,0.0023429393768310547
0.7977157970369599,0.7930158730158731,0.8098533873533873,0.7972967772967773,0.0024066925048828124
0.860238081156257,0.8544444444444445,0.8677289050818464,0.8664502164502164,0.0025363922119140624
0.9373925912316716,0.9379365079365078,0.9427257927257928,0.9389129389129389,0.0027753829956054686
0.9431276563590407,0.9438095238095239,0.9457905057905058,0.9457671957671957,0.002609872817993164
0.9490416701980393,0.9493650793650794,0.9483301883301885,0.9531746031746031,0.002175712585449219
0.9502725270828588,0.9492063492063492,0.9518881118881118,0.9565079365079366,0.001891183853149414
0.9502808955824553,0.9493650793650794,0.950825840825841,0.9558730158730159,0.0025215625762939455
0.9554166980515912,0.954920634920635,0.9559540459540461,0.9606349206349206,0.0028160572052001952
0.9721091923245584,0.9717460317460318,0.9703496503496505,0.9765079365079365,0.0025415420532226562


- MF-V Method:
f1,accuracy,precision,recall,time
0.48718768869460505,0.5168253968253967,0.5058253184723773,0.4981914381914382,0.0021039962768554686
0.6309962533673217,0.6301587301587301,0.6392490842490843,0.6410293410293411,0.002000093460083008
0.7298324527591813,0.7246031746031746,0.742051091609915,0.7413997113997114,0.0027642250061035156
0.8676957015355186,0.8657142857142857,0.8727872127872127,0.8793650793650792,0.002504444122314453
0.9333369716245647,0.9328571428571429,0.9399222999222999,0.9412698412698411,0.002718210220336914
0.905046902549625,0.905079365079365,0.9166788766788768,0.9147619047619049,0.0034042835235595704
0.928437839983439,0.927142857142857,0.9358055016878545,0.9349206349206348,0.0024080276489257812
0.9230762350716091,0.9214285714285714,0.9302499461322989,0.9304761904761903,0.0030059814453125
0.9281026274344353,0.9271428571428573,0.9295759795759796,0.9368253968253969,0.0028962612152099608
0.9721091923245584,0.9717460317460318,0.9703496503496505,0.9765079365079365,0.0031852245330810545


Zoo Dataset:

- Fisher Score Method:
f1,accuracy,precision,recall,time
0.2277167277167277,0.5647619047619048,0.19369747899159662,0.29523809523809524,0.001900625228881836
0.4866639989329065,0.8119047619047619,0.4432539682539682,0.5619047619047619,0.002740812301635742
0.6185034013605442,0.8719047619047618,0.5952380952380951,0.6714285714285715,0.0024040699005126952
0.72,0.9114285714285716,0.7190476190476189,0.7571428571428571,0.0026045799255371093
0.7423529411764707,0.9109523809523811,0.7555555555555556,0.7714285714285715,0.0022025108337402344
0.8440336134453782,0.940952380952381,0.8634920634920634,0.8571428571428571,0.0020261764526367187
0.8844337735094039,0.9604761904761905,0.8834391534391534,0.8976190476190476,0.0019713878631591798
0.8649519807923168,0.930952380952381,0.8728571428571428,0.8769841269841269,0.002401304244995117
0.8116186474589835,0.9119047619047619,0.8204761904761904,0.834126984126984,0.0019412994384765624
0.8513945578231292,0.931904761904762,0.8522222222222222,0.8769841269841269,0.0046966552734375


- LS Method:
f1,accuracy,precision,recall,time
0.2129251700680272,0.5638095238095239,0.19126984126984126,0.29523809523809524,0.0022562503814697265
0.4375468975468976,0.7333333333333334,0.4291254380540095,0.5023809523809523,0.0024061679840087892
0.5668253968253969,0.8323809523809522,0.5562018140589569,0.6214285714285713,0.0018022537231445312
0.6898412698412698,0.8723809523809523,0.6662698412698412,0.7547619047619047,0.0019313812255859375
0.7447619047619047,0.9209523809523811,0.7428571428571428,0.7857142857142857,0.0019409656524658203
0.7447619047619047,0.9209523809523811,0.7428571428571428,0.7857142857142857,0.0021095752716064455
0.8577777777777778,0.9604761904761905,0.8561904761904762,0.8714285714285716,0.0019248485565185546
0.8003628117913832,0.9214285714285715,0.7919047619047619,0.8333333333333334,0.0017400264739990234
0.9364739229024943,0.9609523809523809,0.9388888888888889,0.9484126984126984,0.001952981948852539
0.8513945578231292,0.931904761904762,0.8522222222222222,0.8769841269841269,0.004071331024169922


- MCFS Method:
f1,accuracy,precision,recall,time
0.19466666666666668,0.5357142857142858,0.16126450580232093,0.2666666666666666,0.0020000457763671873
0.4268480725623583,0.6842857142857143,0.4174123495552067,0.47857142857142854,0.001970052719116211
0.5041923436041083,0.7738095238095237,0.4867346938775509,0.553968253968254,0.00179901123046875
0.6594077631052422,0.8714285714285716,0.6634920634920635,0.7047619047619047,0.0020001411437988283
0.696111111111111,0.8819047619047617,0.6895238095238094,0.7365079365079366,0.001699352264404297
0.6977777777777778,0.8723809523809523,0.6942857142857142,0.7333333333333334,0.0015996932983398438
0.7372077922077922,0.8823809523809525,0.7471201814058956,0.7674603174603174,0.0021009445190429688
0.7676839826839827,0.8923809523809524,0.7709297052154195,0.7912698412698413,0.001991748809814453
0.7885374149659864,0.9123809523809523,0.7855555555555555,0.8198412698412698,0.0020178794860839845
0.8513945578231292,0.931904761904762,0.8522222222222222,0.8769841269841269,0.004365968704223633


- ReliefF Method: 
f1,accuracy,precision,recall,time
0.4662358276643991,0.7133333333333333,0.4202607709750567,0.5547619047619048,0.00204319953918457
0.5578269085411942,0.7733333333333333,0.5399999999999999,0.6200396825396826,0.0020383358001708984
0.5792010137388288,0.8228571428571427,0.5612358276643991,0.638095238095238,0.0019482612609863282
0.6613018540749633,0.832857142857143,0.6536432350718065,0.692063492063492,0.0019448757171630859
0.6881448336910523,0.8628571428571428,0.6916704459561602,0.7119047619047618,0.0023630619049072265
0.685894186734523,0.8628571428571428,0.6922222222222222,0.7119047619047618,0.002403450012207031
0.7387879596282958,0.8823809523809523,0.7414285714285713,0.7690476190476191,0.0022501468658447264
0.7624916633319996,0.910952380952381,0.7671428571428571,0.7833333333333333,0.0020424842834472655
0.7796485260770976,0.9023809523809524,0.7846031746031745,0.8055555555555556,0.002617645263671875
0.8513945578231292,0.931904761904762,0.8522222222222222,0.8769841269841269,0.004846429824829102


- MF-M Method:
f1,accuracy,precision,recall,time
0.19530478858209951,0.5257142857142857,0.17085784585784586,0.28888888888888886,0.002255678176879883
0.4522175536881419,0.7428571428571429,0.4405139833711263,0.5111111111111111,0.001999521255493164
0.46039682539682547,0.7523809523809524,0.4596371882086168,0.5142857142857142,0.0019209861755371093
0.5679365079365079,0.8219047619047618,0.546451247165533,0.6499999999999999,0.001961421966552734
0.729951980792317,0.8914285714285712,0.7217460317460318,0.7658730158730159,0.0021027088165283202
0.7157596371882087,0.900952380952381,0.7131746031746031,0.7547619047619047,0.0020019054412841798
0.7781405895691609,0.9109523809523811,0.7865079365079366,0.8023809523809524,0.0024963855743408204
0.7615079365079366,0.9019047619047619,0.7603174603174603,0.8055555555555556,0.0020016193389892577
0.836156462585034,0.921904761904762,0.8426984126984127,0.8626984126984126,0.0023223876953125
0.8513945578231292,0.931904761904762,0.8522222222222222,0.8769841269841269,0.004352140426635742


- UDFS Method:
f1,accuracy,precision,recall,time
0.1351794871794872,0.44571428571428573,0.1015695166955671,0.20476190476190476,0.0021018028259277345
0.38558869701726844,0.6733333333333335,0.3647252747252747,0.442063492063492,0.002004098892211914
0.4010875674033569,0.722857142857143,0.36674991674991675,0.4619047619047619,0.0017015457153320313
0.5625343470721622,0.8123809523809523,0.5408730158730158,0.6134920634920635,0.00171966552734375
0.6693960008245723,0.8523809523809524,0.672517006802721,0.7119047619047618,0.0019031524658203124
0.7431265839669201,0.9109523809523811,0.7434920634920635,0.7785714285714286,0.001620340347290039
0.7894444444444444,0.9019047619047619,0.8012698412698412,0.8198412698412698,0.0020252227783203124
0.7672222222222221,0.8923809523809524,0.7812698412698411,0.7912698412698412,0.001702260971069336
0.8018707482993198,0.9023809523809524,0.8188888888888888,0.8198412698412698,0.002119588851928711
0.8513945578231292,0.931904761904762,0.8522222222222222,0.8769841269841269,0.004326629638671875


- MF-V Method:

f1,accuracy,precision,recall,time
0.10504584442472642,0.4257142857142857,0.07510204081632654,0.17619047619047618,0.002187013626098633
0.35740627253232293,0.6433333333333333,0.35653061224489796,0.4134920634920635,0.0026268959045410156
0.4150802139037433,0.6933333333333334,0.39922902494331064,0.4742063492063493,0.0021463871002197266
0.4936701145104506,0.7328571428571429,0.4852380952380952,0.5325396825396825,0.0018677234649658204
0.5824489795918367,0.8128571428571428,0.5803174603174603,0.630952380952381,0.0025087833404541016
0.6978155706727136,0.8523809523809524,0.702687074829932,0.7261904761904763,0.002640104293823242
0.7884051398337112,0.9204761904761904,0.7947619047619048,0.8071428571428572,0.001802539825439453
0.8486167800453515,0.940952380952381,0.8561904761904762,0.869047619047619,0.0020926475524902345
0.8454421768707483,0.9504761904761905,0.8379365079365078,0.869047619047619,0.001903676986694336
0.8513945578231292,0.931904761904762,0.8522222222222222,0.8769841269841269,0.0049002647399902345
